$ANSIBLE_VAULT;1.1;AES256
31326230633065396461383665353733353131383166393931376630336161343463393335333665
3862383361356639623136343632323761633062353539640a633433336233383364663531386433
30366632636434663431653261383932616262366130333963396461623536653331653138343036
3136666433306433660a616164356539353635396236303539396631646636623032626338363561
33346435303732653933393632666538636135346330356137303532313731363866663761343635
37316162363262656433653433356233326632393164663164383132363764653832313061353534
37323936353863323935376465616564616630396162656136653037366138333761656539303162
34343962313831306332636339643639393761316136626661316163353435633561366462373666
63313435363266313466643863376539373261376662393363343236663666393431383832363132
62386431646333613864356233316433663439353832373231333765383832663531363032343830
32373035636531333138316162366132393862386635316635306132323965383065656166373730
31336266343732356435323538633066326432373333623536346462316431383462636262663439
65363635363737336366626334393438336138663535383239616566643864653962366238336330
36633332643538633531623439373432343039376561333035393930633463363432326130303536
61306139623833393466366565386237323136333965323232303239336234663764633934663130
33326639663564336432396635383438306534356439616437353866373033326633663232303665
39656336386539306463653361636532623932366332376238323330313434336334656363663738
65663232303733613239333230646662633539663933646637393361353065326366633139646162
33653934613933646664326339386364643639663636613161326137323065643237323136376533
64343164653133383066366533366362646439623831643366363563306236386333633834346433
61653334646139623235636131643638303832386336666561393932656338663565633664393539
65333430643465393862373765643864656137373937633132346663306636306431623333306633
33336461363837356533643562366566376331313665376136313363326438386635393366336262
39663431356264336530366132316265643664653462313161656331393064393465303762643464
62396333376164633563343336663732386439646630383039656630393763306566633636373461
31646139313437313261613963333963326538656165316165353034653864663039326239646436
63303034363035373438313162386166353831346463303631313465636566353635336162343737
30613161326366356361393538303330643236376135333766643163626330643966656365623630
37306632343139363935616265303465626361373030646237643634316130393065373163363032
39326432396361313339303034386430393565343364326364616431623761626664336234663532
35623337646430376566626564336133633537363532373834363037663963333534613162326638
37616363336135393333666437393133323334373930323761313636626339386462643130616263
39643465383137383061363337323463643731356662323731396530333362306337653930643133
65356265633261643739383631653163653338373535643439653030366462643065353939363637
66373738346532326663656536616263613734383264313739386535336132303938633238643137
33313533643865643039383964336632663063613534393963316661653066376564313862356634
31353035386366353230613033343064306462326566386532346634633033653161313966306365
32616635303436303064343138643065363034393565623430313138383162656234616432323335
33303734663062613636313065366334343361663736373138313761353635373761616264623733
38393530623366616563373763633063373833323461323063306261666463613664336136353361
61326432396231666665393330383434663639623739653762353537626335613137326631663765
32633633616561633531666635363762666363333535303462636638613030393462376466373732
64393737643632393336343863663935633763396639323139366132363236393936636366663362
35656537376661356333363435396633633433663535323536353665383038336439333062306433
65613861353434663730653563636261313165623936663537646435323861643034663863333166
31613235653332623432666432336562363333623938636634376433663731613861353230343865
62333234363939616131313735653831656662393739386634316138313934323163376432353932
33353332623166656261353438323030303933376561343564653237663338653232393163633461
65636666326639646333656663666332323439353761303139656437656337346432636339663539
38393332313531396430363235353438356562343030336435333632653539663731396363643634
34386630306564656135663633346235353632316634643739313535353961613166383161626665
61326134343230393330316664633838663632666435383362353430623565306561653332353161
31656530333465623932623264366461383061393430646337666331383539613266316662656233
64306437383032353932633831633430393631323135376561636534373930393431633735336265
34313339613932643034336434653034313431353563636230323966666330383238613830666133
65636535613933386266343534633436613837313639363062336362393538643862666232626230
30613963343830643966356530643062376366653966633936613035623232333831653761636638
32616632643537373366353231363835323562366539326531393162316532363035376462653435
39656439393563313033646135386637303034306661326432356664336233336537336666363133
63663761303134333839393064373263626435623264616331323138353039393665633136393430
65313662316665633464393166623739343633613936333062323065663266363133383637343238
30363666613131326134343834613838373131333762383661613431623734366235356537366533
30306633343732386533333366623536333063383461303631363436656234646362643338393662
61346230356462663633383261353831666262316663643139313161356366633964386633303164
38373161646365336166313061323063656432323138656534613038306634316462363034366235
33386236333738633238666666303633356362386635303163373834396336623235373831303738
33386236353135373865343433626664636239396132393831376165396535643963653633663931
66353430323837326532393532386230393638323931613035363232333237373361653132383265
65313238326265333937636561656161663934363062623065316431663537376136646133313030
35353564663932626161353233343132396238343536633736363764663166356362383662336663
32336637353339643335386532656232353439343439336536303532333435383839326563373861
31366535343662663539366432646339656564363930346166646266646663333431656363393835
39353332323863356638613230366534353663393532613134383833656161306639636461383331
31643931623162653430303531646535343331666663343831396463663438353465323763363362
64373832313131663461366264633334306363373463663636303164623536633032616537383064
65323933646361346134396430333733306661346634656164636164653833386266663539336564
64623166363536303439643638373635373437366132303166636662323133376237363535356464
34323035666636343663356163313966646465643239303765346236363961643731306465326361
62313564363165656466366136666462313131313635653564396335633166306234616539323763
32386132313936366337333464613535633361356363633939623139633961616438363938316532
33376564333065643237333431646561333332326666663666383066653165663530336430333430
62373832323461386235396331633065643434636130323237313763626663653164636262633536
34376434323838383035363137303838313938613636626563613362316262643930656565346566
32303737623562333531363636646366626264376337336261376532393037633536366165346630
34386364303239376632666464663064626262646631336363626439643338663332633436363335
65323333373731653666653838653366326539366264646632336562313861353866376332643865
66653763316561613131656435663336353032393733343831376333356539323136643532353165
62616665383237373634383466626466343832623232383835366330636463393334653133373536
31353932393032333439613630303237366264393730333238373336623330306531343437346565
39643330663630393962656332613539333665653863353066646662356634386265373736636630
32633730653935366332623663623634346465323334306430383438306265356639346234303335
64663662323663633966613961646266393731616636393135313135656565333665663638356435
64306538363961316138396437373563393339323865353461643431303833363937646364323465
31626463623235633639623931383534343938613131366231663631663034653565666437646631
38313463346436343937616139313032306139323564633432333763336638623631333032396530
62336565303063386137303162643066653039396562663535333833643338343832616131356335
34356365323936656161623763633665313834343337646537623138666132653332383133666637
62613562306432396434623661336631623264633036353437366239323534316534376539613664
37333266666137623738366633626263366239643333396364383730336438313530303531316533
30646636306532346361663763643735376333373261633266636366333633613638633437363761
31646439323830343962653432626163386261633238653361313865326636373336326333633065
34316632363963303563643666666432323634303762386633666166303739613435396539653864
62616432636161653831646638366635393661393230643962343134353733636434333062316665
66653337396236653931623461343934346264363133666539343038333861346663373866633965
66643736356563623866653136326563656532336666303761666131643436323835306537373134
34323065626231653263653032333564353031343264633338656238636563333564336161353964
65643637313433366634636562303964313261393536343463333636633937383133396238666133
64666536323164613836323737383532663431653563373866353137393836373266633364393766
33373262313837653038366566613962373933393661303534303163643139636636623062326635
66343866646266393330333633376662626232363863393135306164666661636331633633626430
38366334333537653433656564396131386536643465343831323663656532363936316262616463
36353463393637626663613362623837306539303665313535313236613438643666306638653739
35636262336436396336353538613061373361343263636163383034653063613432313235643030
62313664326131613331306665346236313163333537316562646461306630653935636139303237
33346530383736626132626134623939336265313332343434363132616564303966316664363163
36623565333964363931363432333263346633366335326530383061636432323933306332643632
38313561326234626535336262306236363662666435656534323663323864636462353064336232
62333935383337613339306138653538336531396234373236626166303430633334613563396431
63393931323463313232323864656438363731393930343739633639376163613863663965313835
65393762316437616434303365653438333333663263633238373461616432356434653562373532
64383638386266383164313339376162353963363033386634376539663933333338373734396138
63396565393733303238643339383930376666653261393737613430353738643862633039313064
39306434313433376437663133313832393132386465353863613635396234313436336465386163
31616666326662353763653137393362373365383335333162353337343065393561353135363261
36383039316334353763323937376161666566393132363563636232653535323364323466396137
36323535623232323131393539393438316366656565626430316334323861386139303366396162
64393564633963643633663730613761623063383532383964616432333531363939373930323964
62363934336431623862633938386233343962306235613566643737643662316137313737363632
62363730313835323436353136646566346336643639616336343832383362306239373966653432
33366366633237616536356133373831363765316263616339306365383965333464333032396138
62356266356632643563653666336262633231313634336531333563363333613431313063656161
31313661636133353561646632356266303266303566376135333633363935653661643130633739
63646638323430653738653233626566393333363933663663396238333937353336343437623134
6631386662366562333635626465356638646438623366613535
