$ANSIBLE_VAULT;1.1;AES256
36633266663862643464626339333766326465363134373133616166626164326561373733393232
3865323438313231363833656163633633373864366564390a323266633136643139643762653835
30646533396631663063333832653139336662623565383730616633643739303037356634643635
3366326438613866350a353339376236346232343733303235643165666566306361646361323165
32313433363533636434376332343533663962303433373465383933393264346432353266643838
64636230663931623333643135643062383362626265316661323436663331626564666339383365
35616563666361636432356430323235366632306333353830386133363165636166343532356538
65633361363531616630356161636338643865323463306234373130613836353134623131353231
64633836326335356634613831396235653035323865366562616362326461346638386361393262
62343434383437383334383435663130623161633836303338373334353566386463366630653964
33363434393264303431333464343339363562333431626166366266653537393762666562323237
32656134363831616562346263643737353039326562393334663330343766623861666530316136
34646161353233323462646333313734393834663164383166373539393335356633383232646565
30383633623638376535336461376563343237346262336337653462653637373266626637313331
35303130656163656537386631343336363262623132636362336439656334306463393461626666
30383030356539653762356665663039393164333638396666333133383539373935306666333536
35653961396634666634326137326164643566383661373331643736376266363265356165323036
33376363356335316537663730366665663830656338343339373039616663343534376462373136
38366133633262643536663235323738356163313238376135646638376564633838633735316430
35373536663366393766326135393236643334373864666532396637383064653333346235316564
39316365653761326262343765316337393166306334366264653532613538323565343664393136
36636161313536643463323538356433346334396234303832633131666565663962376633643634
34633163323162663936646565646438373236623861653035646164653733346133333330373963
39353435643764623032353236633161623236633865366561393933336163653131636434663737
66356630346465323235623261333432363830313065613437386563346131346566376236653131
31366661613039656630323533646163613137346132626133633166376436316239613762323033
38323935623833393639666536386538353866356135646339303535636561313234346266623432
66623133636265386630313964623462323330666136393461616362386232333835623330616430
36333663386462623366326432626130303865333833306136313165306337623963623465316331
62636138383963316337326530656130643436633838313134356339363439333936383736643262
66333630646333303362343866366534356231663037666536366139353839636132643564323564
32343535333436623465366235383336616330333734306239323762363032363631663237353931
61653262626664343666346362376664363266643965656130643136316662376261343836353664
66613236376132376535373064613232653336356461363737646561366633316338636364356333
35373330343134386338363737333061623932396630373434353531613364306365303130353138
32336534663332303937623664383230353762383934646561663436356234363538313930646538
61646338383230626431366534666231653631326536643561636231396237396430646432643033
32666436336665653934366131366434653465643236366233306539633562313364313163343235
36353532626334633866373765626535633637616635363062313732303262396336333731313731
37326162313839383066613662356330616261333166323064653464626463376365366362363330
38663331383935656435643130313533663931373339353639326637383732303236303661373934
65316463636230393064653934336464663164343438623531303261623863313638303033353031
61303135333635643638326136623931386162363562363435313938366562636538376666343763
64383737363962626537306664646433356465663461333461326463623332623264656136613265
30626461323337663538653930653737326661386330396435633762643661333738356235383439
63326566656631326465343866653035616138343831353535666138653238643939653536303766
61646163363663323061343735636162376331366365613137343466663965353162383533356666
65386661393536616263316230666634393563356461323262303536633164376638333966353763
39383130333862633966623135376562323833373634356265363838366632383861616434346133
64393634386238663136313837363834316437623331353532366238356331316339623265363833
39396264373966313435343362326439643339373734323035386233636166383334643934353333
36396466376263373735656361343334633664623366653835626536613365386230623563323163
63386439366664653036656232353763313065386432336533643738326132366262323733343932
64643336326434356664323665346636626535303036356336313939366162666630343637306236
37343263643436636565363263646362306164633561633435386164393234313338313533396330
61326136346637663366656264353836383533383766306463616630303264653965393462656665
32333336343062336434383132643666323039646138303233643537343435376561643330613338
37356636396565653836373963653333616463303466353931386533326565313034356537326338
34626565306432366630336232303131313137376436306137383566336336353635656137373537
37653762316463663038626133636131656136326233633237346265323632653864323336343232
36383331343331663864653838636536643630336330626135616163393064373538316635383365
31353831653264613735306239626239353735333966303438663135373438323537383261343165
37376162386232613334303134383362636364393562303133393238356166383864366435623466
38646461333534653966623265313535656635323834356638313934313866353138353430373838
39306233383834666563643066633463393762656464333734643962653031346265373139623030
66633537653531363666656632656264326239333431333234323734353739393030623237656634
33663765303964643661623830383433653064633864656632376161323031396262313262336338
64336661343831306232353834613036303733666338663238323730613333333830303432303739
38363165303765333934316430376432383165656534393465356361313836623338303430323265
30323465613162353731343937333064663134376662316339346133626430383435663564376237
35636566336364623563663062663930623131343939626639333632376630383435356266333638
37313862336534616337363338313834613466313637623464656530626437363437633465633035
38626637343062336466666533303234303263643834353366353263643031346162353666333235
36393035383564643135343132666336306531383339623230333961656137626665383566653536
65643539316636356566616662303961666361316638386661306133313237353735383562656663
30323533323666326662393832656661653665363864353331616565363463333732643165613165
38396531356535613230656162326336616561306235333032663032326365376166386165323538
62643832653061663663386634613263363532323461646235366236376333663331653137353763
63613130333763306462636431643338356537343033626137616661633033613836373130323262
66646430346531363039393232613739623332356566323963333732626336393632393738363139
63613266353861386432333233626663333831306432613139656262333861393163353433383363
30326535646132626437646333353439656665336439643765333030343437633063626637343665
36656439396633653039393436316233313331306161366163656165353830396537376632353364
33363465306261643433373637656261366639316162343964656633393838643838333838396434
62633631663539346230333064623936643638666266366439363033343764653433376339323736
36343862353238383636643536306465356261643632393830316162633138623664393535636330
65303238373530336561363764636464333236653830363331343338386334626631323931346339
35643934356431363963613530633635613862643736353738666534383832323438663666623637
35613935356465663634393530663662336533366239383436353436386235303961386536306431
64643265316432396261383232633065376134623864343333313365323234663965303639363739
37333630396534343838383530333932393135666366663730643265303136613465343764383831
62626330646466396135353361393836326662653730633938376265303535363763306264373735
31653365656464666330353431343966393339336563323263383963646538626164616433313766
38303932323065663366616165643238323432303732393733303339613164373763663436613131
65323237316530623539663336616332376465623038653937303461633663396262633263616466
38326664343762663039623032663939356135623766313137336537656138613032343566316436
33316238383865303935613661383030666239306437303564633332336530636231316135386161
65356161306632626364653561396439663032323239373063333632393665613631626238333430
61396161323563633266626465383363623533646165626663613762383536336439333962336138
62626261663034366635386532613863646163366262653935646464323861323534653939636366
61373136653636643064386632343466323062343539373139613137663430303665346431316236
61376166643239376563313637313834306135376234313262326530346639626434326232356662
37316234326136336235656433343930393565343239653536363565653764313532383336663631
35336332356631323434616138303734666538303063366337666161393639663034366632316133
35663864643461356131306266646262313134373363366661363236613037306530363339663465
64373433353163336266343362333838373631366365633335663165313832613365306364326263
31633065613235313963336535323366396163323436653339393536336232393761626265336132
33643664623937383935623564663661316232643662376233663361613464333337366464396531
35313938646465346136393966613334393061656136373763383263656330613336366334363632
31393731313165316431323564613662366363653431653161363262336632383765353266383037
32376130636639356163326137306438353630623537353934363864643639316432393835366565
66353366386639366339306563313263343333636330643463333937653665333031323964633439
39393836366238353737653665343434323731393338313665396639303330313931636264666164
61363335656534303066313530333663326263386635323862383430363561633635323063303935
62356431313161306135653162613837613634393639396462623431353665663231636135386664
62623164643532353361393863646134383934306538653065313663363762363135666430666666
35613136373764376135356132306637393465633938333230626366616231613036343265386530
38393962653965663234333666623662383138303639373266343034396639613466636338316238
64363938343230653862646566373030366634393166313535306433653334343533633336353464
30636338323461343363366663306636643762376138373432663136613431653536613266343730
38316333663535303836316132626134323365336239666135303661343832373536333431623366
33663961646535356666643735366134386636653535306562626535656337623961643935393337
63356162656266323463396466303233373230643135386231326338666563316636313963383636
37343134386539373564343138663262353963323665353462393364663664373032353330303964
61356636316466663961303261353433353465356436666137653437396435353334623333386432
62313263343435363032303764656231316334333564363239656239366433386663656435336633
35383266353132333738626166633632333264376633633932653265383831623037353833383031
38656333323836393136623835356434376262373737336465363536333132336264313137393665
31636361623462663165616539396666646634336164303164353535663262323332373638633864
61633763376131663834383637303062663064383235376438613663666361323364393965353532
38353635393631653931666231316637633861613633356666373030306239343830663731353039
35363566373662653762656434636463316532616162383834346162666564636134323361666138
63346230366333643465333562306539396264633135373732326237356331366365646130653635
65613831616230306339613132383530383237663565646539633164393362323432303361353363
66663362643262383735303930646436353361663330613435643038383335363739333434393232
61646637623863646337323031613462343633393535303637646261343732396339396161313431
31366435633165353465643739393031356637343737326134646263343535613738386332303464
66333239386262323930306239333838346336633030376437383631336561323465653834663562
36383833353336623033323465396665373161383135383936663633333438373362386334343262
64303664343335653534643331663266633430633631666537366666636530643131633363343831
32653638663739366262326231343363356330373130613561656239343238353135323536643230
32376132636438316566316530396538313232306631323666356138336332353533663834363364
31323331333932336136623564656133326132376533626166306333373630366131646236353738
30383863363439343838353832346465383030653831666264373431303230616235323530353333
38633563383938393261623265396664313933626433353332303139366133323133343537356263
66373137373635666139316535613962663932636234613434633133613864323438343765623065
65656461613931346462313335336633623634363236656531356136336462643163663938326530
62643966303664373666363639393265363232656539333663376262353664653335656234666464
66383433653537383063636164366237383033383066326532653134333765383363663435393366
64646531616536326637633932353732646632326137303633653333316264356162303639646537
62633739323233663664383262663935313664636562366563313831373537626439343034333062
62353939653763383931663738633430663664386363363635343837656139646164306330356337
31333664396661343966363138373430393732663635353833623934323737323233363762333339
66633936646665353763343434333935333335393866376661313833343138353532633032376431
64386238396264323830386463366531363261326232356664343535616533636434633861353733
30653137636663343566613230306635323737363735383236666661623961396164373133626334
62663734623335363833323938343834636566646137353965376163383464336166303232666130
63343564356361363731333333323536333831393037353332303064316631373136623535376238
61396165626237336132306263353538373431623566313465306531303332383162306137633263
36646266646232333361623933626265643939363163666537623236353430383033623065393139
61313638356536353763653435663863386566353536346263326432373562303935323631383563
36636233393439626139653566343032663639383135333334636132376164626530303435333437
62643065646437326663303638613165313932613934626137646436313666623836383264383066
37376139366538373731316536366639383165613064636639623361626232613566393134396231
35383531646136343931306562616236646232323862633834623462613331666637313335623339
32353939386239626435323131316138363464366565306264363634643631346164653165303861
61613363366163623930353331313439643033623666366434353539623933663837356464363534
65613435626164653939376365633730346266313132306263306135373332323532353465353938
62373066333566643633663239383231326364336133613839326637353437663562666466356437
37336166386635343939356564313730643262353261643530653062316134306666343766663836
32326161376331313762343461326136303930363039396165363335643464653963656362663132
34336463653437623133386466663066666262333735333134306535333035666530653632616636
35363230633633663965353133303531323761316535396463633961363366353665333861316264
62623166383333653535356636336266333637656461363233666261343137643764366233653536
62616131303766353938623133333938376137663538373164396435373663383361373237383030
37636539646463326164623232613437383436316533336231633736653732396332383761333763
66313734666135646566333932373564663562383738643832643262303834396337343063633662
34303866353361613033333331313066333337333865353934643965386165333561653537663839
37353433363562326461373963373833353531393135373338633835633232386434326134336563
65366234663463623630643039613664356635396635643135313336613239363062616363356438
63353634363431376261333137376330666332633833663437653030643866336432653430313231
34376137353336393664373739633931353537623864303336333065653730623233626635313133
31376166616534653732663333353262323034346437633533623461343436383036643463306331
62333836653630356432633861333664326662366631343431333739373632376634303738633432
34353766313031666564626135663866326263393835353234623263353834663236306162336230
34323662353934396338613366343164613966396332343938653966333966633335623366373063
36393739336235656431636332313166373838343038353037323435663330653331656562393635
64373966633864636232343362656330326435626431663363393164373064363337326330623838
31633232323961326331653330646437373064653161333932616364643631653135326665303065
65386235383330396431383234636164303932336238306566653834376334313166353332306634
31393538333837393432346639666462346630626538396665346236663663333361643739313336
37663030363038353065313836333562313531653664383665356363656137346637646437383835
65346237616333336236643332343865303761336335383235393035356431316162663632643930
64646461376331363262383133333736616138613139353761376263653763633235613762663337
33633737386464396665383338313535613462343336343831643262666366383639373136353939
39316433323863653833613133343436306133393965623261306335323137653934376237306565
37663438373761646337386132316533313732366262656135356134333439393462623063663434
63303234303238386630613266373164653365366364653664666663613065353835663962616639
62353837363933666338353966643963316439383937343734323832336565653862356665333539
33333037636331393636373035623836666634393662313335366163383132643662666330643732
31326462633265356233616662643236373139313734386665623132303463393662363939393664
62323661643165613636623933373265666366636539623563613137323534313861303664626464
33393337626634366230643838393639623163393032633463653462646239323461653338663362
30636539626563336234366231626531616534323635343534353136646437353138633434313037
62323333333738383239363662373033633536623337313036623366343138623237613364383864
62313966633530356237656437343332663136343633373963376265393839373261373163346630
33326262316539346632333666663036653033363963643437303461646232383962383061316239
61373461363933383663303730373861386230666561356265383266326561646663366138373339
62363564663638646436353132336434306430646463393139613235373237653037356430336461
61663939303134363931313536353637383163663865663134616335373363643466326133376639
37646533306266623531613432323865633161383535353966663965356432666439653063323731
33303934373731303162643739373036616138626338393338646265323931623761353662666431
63333430356266366634306333633764653530393533346434336633333163633463363964356466
39656135333734373230623033643764623738393530323664373336333034353566353461326638
66343462643832373130343064653961646337333231326637366462316365386235613364643937
35663032353666346230343834653832316538346632636331353631353534306137623733663465
38333363366331373965633563666262636537336336633064313136636137613663653231666134
39346561353166623063383562396639316264326131623863303436343762386461633234666636
33306433653035386636323565616239346433386438323662626338656637376465396137323531
34363334666139666133626136326637386261663061626363383361666637333234356639326363
62323633393464616436386534373039303834626663626430386463313765613438363738653962
36333861313366636666306637333733656636313435343866376330623838323033366236633237
64303734323437313162323738353134316463336366353438343033303630623733376236346532
65323865653935353932663337353466383333646532376130396430616161363064313963343062
65386664396536376232613730383563343635353065303134336566393933303965393734666235
38326665326637333630616666333838326466313163313134663363616363626238363236613066
36383633396537343566663263666637303238623934636364396335333738666463393536306435
64623933376435326265376132663536646139333631643232383262653466373031316436363539
30313161633562376231653732363333643739623337626633643133613862376531303036363031
62663565613762366430383131343935353133306438633238623637333835646336613465303761
64323734346430666465386164336530653233623664613033313431393131666232643032373533
37653936393638376636376461333361613634623530303066396437653337323137646561666431
30616230653365666431636437656662303036336630646430373362613365633835373032373832
36663132653166613436336466653262653239353861313163323137653439306535386430336235
32323162313130383836353130386237313336383835636638373566613762343937633465336664
64306534616164366332656536313936396630613564366133646461316133336439363661326131
34636463396237356430626465336661313262313831643531626639373964313932663838363065
31343063623964323231653130363464343263656264666266633731333636623431633337656134
37306139306265396335323365363762646366626336373261653731396237646564643431613963
66386631366632396465636532313835636566396432643034313366313765396237663238306161
30393732373461393361663136313361663435623664633834363831303561643133653937623865
39333762646338666366393937653661386363613038343231313234363131373333313634353038
38313938313537373764393261326439616334643732653933616433366634633863376365326239
35636530633238326337373535396164643438393964663866323239313235323036393464313166
30386334646364636461643133636265663930666336303834373730613663613931373836323332
62666566623230663536356334633963643261323363613337386136646166356631393438666664
35303030383566366337333461333263363835333766326236313563636333306536356431336466
31626134623265646333313335623334623165333830316163323231323837623165656138356134
38373838353363626530303539336331353764613862376166396461643730366263643632623631
30646339643632643737623032353765333935303531343935643634636236303238346333633462
32656135383730386138356631316561306166303931656363646162376662636662616537363064
66393766666665663364376130326261376364353364356136333236326163346161383461383866
33323861623661356666666262393337333066356362623235653661613566386366366661303532
34653431313162353966313231653164313634653434373035623665333835386530333164623863
34396235643265653737396364356162343731376664316337376137623437323639343536316166
33316237633061643230643066343630646635633066346565623533663861363532623034393133
63373061376365646338626535393136626339373235363033643233613032353866363236613539
34623765316139343933303864626162383063666638326331353639353961313838643735376330
33363365396438386337636638366439613563336161643835633566363266373465363066353462
61313639653035653562353361353233623032353935363932623039353131646461336666343234
30356139663337643837633865386464313962653764303338383531316332303631663366396266
61383636366437653632353231366166333538383239346132646537356466653032626637353031
31313434376364356632326133323339376139626539613934616131366531643463323330333763
36653064356564303866613134356166346166323962616330333862323034383434313632366536
34313632366330393235656438363632343532363231623565643833393139363732383635653262
34356438643231366639366261653933663764313163666362373634313565353533626534613933
39346130363361616335313739626132666139623066383633313961336564323536663761353962
61646336333931326432306136623363383664323534396365623561333739383961336335336131
39666533326534386261636337636366343839616463323166323139623638363439636337363736
30363438633362363733613038363463613362336436396161366435613134626533313165306232
32383430373964303439653738643639613135303764323163653530323734363636623539336664
61643137373334643232613565333539333232313337626539316665393961343834623030353563
34656163363834663766363135393836356566383662323438393431626161366561316435343061
33386564613339386361663334376466623233623962356364613364303565383739363637613461
66393734373339303137373833366566393136333962336665323431663137396437373535613935
64333536663239653264343964663831616466393237393235313235373033353262323231656564
63613131313765636166333931613836303462663032633630666464303463353338363939663764
63616231366439643962333238343961626531386532393633373432333964393864393439383337
62336636373939383337666465396264376438623434336132393433373538613139633963383430
30626564396265336462653738323062353962313731346531356339373630633739383934333639
30323764386561323132623934306337313232373236303133303462396136333930373163636237
34393366323664373266386232333039616131383537333536616563313364623735363139323938
38323261333232663335306535626434613036643638343062316562373631393937653838353063
65346130363962336666656537353831626634663032613165373461396264336235663066366539
63326664636466393264306536346163613661636130366133633334663936623261366435663162
34653836653762666539633038303331376432633837343630633536366161623534353635373037
61626437383330643065346265306437613238313664306330343235653931376233326439643766
33343233653066383034383561343061386430666663623930316561643461373036626664333936
38313665363734333163323931393133366364653064366334653535353030626332323737613135
62373062613532316462386136643036633066613531643365656166316232366334386230366638
63303462336366336664343465613431336564616631626539636664636661366139633631626337
61643537646438383832343333333132343964336565633062333331373439366533653565616666
35663435376564626132323966303538666666623331653131376438363035353735363937366166
34333065353838393932336664366261316235353336333666376233386462643464373862323963
61653636386262313839356236613737333137323034393365626436366265663261376462353035
31373630633863383036313963306239653034333466336133333432383535653364666131333539
64626539373762613431313434626134393633663961633439373462366163343132303336306434
34383865303236636166376462373639646631393566393735373139323162333566663436626439
63313230343033633132646463333531353836323539366536353636643933636236653431333431
63386431363536383434633665396562626530636434323866393036303566656630313730326135
63353131353837306535663037366131653631623966396261316137636133623362383361336361
63616362643161396130336362343236306231626265613562366332336133636265353330666562
38363761666334353932393637323739643638623534663037356164636431663130323965376637
62313864316364643239663863653962643261393539623664636164393363663037613566643132
64386234616239636337613335303736633233303936393037646162363231333030306330316661
37366634343138633231386161373632303565393833303066343263666566653866623633636530
36343030636235343462366663333962653837656334353737313338646234613465616666623961
31396337373434636265386166653463356633303236643862623561363038363263636339616335
64313231376661656166356435663236656466396131303363663065363064643830353131373431
31616661653735636436303761663439316265623530616265636435646335353132333837653830
32383863633437613666353434383466366161323334323361303136613339626434663762383565
37373565396265613138633363636236663932643265363734613961376333356237666230306133
32386631323761313330646264383131626561373038343663613066303432626633646239353865
39623434373739363031633231646663343234643966313264343163346538333432353533303137
65316361353266613738383865626537333064616237643435623339396666643431383930353239
61623366666364626638646662643264363830663735653761613365313362336661633832653338
37623532663433323362306435613130623831613937353637303437353439613735666466323334
34313936323333353034663666373733666236396236333530633862343365623962633361353463
32386436326437623664646439346534373334643531666137366363386631326663306238663034
31613832666166333338386230613835343164323266303665613436366339663533623539613132
30366135356366656261333638666633656462306566333262306433346565303037653962633033
61626562303434316339353834396132623833626531623938633830633762633430313833303734
33666462656533396431383636616164383637356363346137633035336461393036373734626231
64353464363935653665306364646437333235313866613264363265346636363866613139376237
31303731636232323863633165343562633765313139653066363730313166366538656564346537
61376333623437656664376339623561393437323064353261303134613932306536393338616236
35613933343938633735383530626461303363303035363536643134323934306662643135653235
63616236313039626335343565323165613435326338623066376264646666646338326366346666
64623062633636313863663133383432303632303133633935303835343236313631323166616264
62363564626331653633383233633136633539316133303433323865316266396461663836373662
39343735636162326562373134393361323537393537623331396437323738393538363564653734
38613566656264336534626232656331363130303032303063383032313262313930616535326135
34643431356539626264326334313931363832306532636262336363343737396431353564396264
35353662646130666631313637656339386234333563613233333137333933313630626333303734
65316134353337363931353165636339633464663430623730323134643939363765653033356436
63353533356133333362666661386231333138633962656263316635666534633364346532383066
30326231363462643664623132336662653832393365626239313337343336656266333837613962
64333966353861373666316466636636346566313439363064316134353164663833316663383865
33636136346236633438396363393439363664343836656637623266386532366532383866656634
33306539646131643439333461393931653461316137353838363837656665373039323064666130
62376339393662343236313637646363306337613432333938616363643132373834303037366338
30346361623262306234323639666337656333386239383130346433396163636263643838653731
36666439656634633431616433653165636166313334316439356166643061316639613835333461
31343762666663663531653435326138363836313939663965346539613934643166356635643535
65323430656337663138613663656337313732633931643166653139363632663834623939363366
62346362353362643132383731633161366436346432653865393637333134383463356335383461
62653636656435376332653239643361653130393531396339626530313234393936326164376539
36366139373139386363396535633539383161353637303932343031623933363839366464323132
38373630613364326365633761316534383335316131383662316235363434343163333537333337
38656332656630316566313662623939316233623837353730643435336463313430636164376539
33626265306238343234623033366534353433343031663332313233363432393135396135616433
63656664363533346333356534396239616632613337393561393639306565316233306431356632
32656431656634373565353639373463336438323837336165353830663934323662303834643137
63633966646538633162333939623437313337396539323331623866653364366532363631303362
64313539353139373739613332383034316164366534623631633266393733373965396362363666
34343261653633316461343163623930323731396165643437303066623231366663333736353463
30326438643834326261396363363830356531613534323661366439666263323831306232656466
66656236613538346136376638626532313564363631343737613538613961316562653739656665
33663565653132343631373936623838373434623730646131313338346436383163333461633231
62316130616333343938626439383661303037643536373239663330366664613865613637663665
31646164626461373133393034633965306565623166323163316635383430633331613832616632
37346136643239393661393931356534313964303435313461633533393362353762336164363134
35373730623762643339356531343761643230383861303265643961343036653937633565316561
64396361346366316562393230393263623831386137333334383537636662653338653735643365
63653162643237373165393065326333326130396633643964643862643363653165333431373466
32613935623831623230313438626661393361626666313633313863366139643238663964343664
32306539663730616434373136633034366435636232363764376237323136393664346337313534
35363136333336336237353537303263316437363235363734376331356539343937336362343961
39393839646561653635666534613234303339323965663538656531316637313439323832616430
35316134663935633066346261643866313964326638303233363634323132373332656237666437
37653437373064303166306365356537613337663239363530646238663130373637623661623634
66353134653130613961383336373461613264656334356437323230623161343833383433313065
33303062626164653235313536313566343762643739656532383839623937386336343134643831
35363465353662653064643734333461303766386235643966313466373237396466303661666164
35386338653731333534343061393936303162326539623662656362363465333566626364323630
64323233653764613133626434323630373332376666366534333461633630333635353762353765
39323136316461343737383630373030376637653234623561646437306465396532306461626366
34613362313631386566306639363466336239363436643561633966643165393830353161306339
64376139326230656332363965353964613730666635636331323065663132646339333564313436
30616535646235383765313463303665633434313434353462343237353830376430363666383739
65343131333830393135653639383436363034316366623762333565666337613138643965313638
32346162366434326465666162316632343739313635393535386238393838336134613131373636
31643731663737633337386137343166383931613963383631643839653437663538343133356435
65336161653162336531353738643834666161363130393832363432333234303737373030656166
64316434643930386262306432646132333761633331383666646339636365383361623861346136
32623966303631316134326165613061396434353835626537333961373739333136643034396430
35396331356133393862343132303562366238326166646339666531333230366166663135653031
34323762633763613261383435656430313965633135623537383134333139376138616263396631
30663336386530386533346639626633623665666531646665353738383230636665653935323432
38323062663735646135396164616334633834656665303665363263356161613161366630383662
62333364353537643635306539613232376638396430633263373939613236373739616437646664
62653534313065343164316361653361396262306238373662663430303437623462663666393734
38626235303933363737646633653037333834653033626532343130386362356538376465346236
30653630333063373631313361653032363963666237356333653561376534336666343030616632
39396332363736613339383335663837373363366662656533663965633637363161626330666133
32663865303565313538333537333039356539376233346532656163656436376133316265336334
66363463373535643539303030363937646161303133363334323730666131633865366566613631
61643631653037333564356666366364633338653439613564383863646365336234643238663430
35633434313061663163653935373364613634646562613037656335356131643736363834323432
33306162366533373530373261373139666338653564633033393562656130666235346438313337
64653663323364333531353630333564653131323836353862343038393034623139653139623236
31373637356261393638383061633338373435376661313964316533303263623030613534373035
65313464626439353433323561303965353938343336663831343638643364346362653330633337
32333939393937323264636236373930323565393465356566653035613734303365616366393930
30313363396661366335643238373830323166653462376434646436393732353236656133343061
32333239636436313039623765393239383238303366643634643034323832623735373963363338
30313430316632323038303832346135666135373563383731313438663337366662333736376165
36386132353433333130373533653961323030303064383933636238353465633965666662366462
32343538656339376561366135633065643539373738326234303333653130376236333364646330
63636234623665393033386639393162303232353065323539626334383633326235343437316562
62333935353663663334663165333138643535626134363765333161323834306337346464303064
30376366613932323932306533616663626336313236633563313662393764383730616432333036
33313662346233636361366639626364313136346135623034316362366339313039306130323465
33646131613638653736613263386630303133346166323235306333353138346233386134346133
39326239663364313835313263356530646664353166303930383536343838636431306635623137
63623566383562663433363036356133616561353830323432626430306664653663646233626238
34343935326464663132643730653561316662653635386433333865616165303339343536326364
33626661646165366339623665646639396631323763376666383336613939623763383539363739
31303464356638383037313132613263613932343635653232366537343333663532326132343231
34393961616666343966666534616133313934393331346165393835386131666462626631623164
31326333373036643464326433663434353931353463643738613661633034633738383035633633
63636335343761313232396263623938663164393732633861666632663563663664323936636639
31373433326665303363613865663861643338333461316534643365626234396261346437653339
39656438323335326462316664646334333061336363643238616530343662373465353930623563
61306234303639646331663861396564613661613233356163373765646239646666663631623936
33353935663839373235373366616433656531343133643539383364326564336566653665373239
31356461393566633763363663353337633035613139313461643939663664323632373064643936
38633935356331353963313166643639393263353433623962306538303030646638346263663666
61393464636564323265383832636164613231366237316137383837623335313436313832326466
63373666333638633063333734326463356436333238626562343964316265633365646364663762
33613939393531623031666461306435323334366331373665383061623934373635613837306630
36303239643935303835323030383935343861383862363339613363326238343431643264323637
64363765343730323365666465333235363635376535623733363630353533356132326264636164
65656531396138353465623536653934646164333837306263666634393666333331626534393839
66656663356433613061313366626432373930353034326464623434313533623835346230626162
32393363373035303464343831303935386565373061383834623864316534326662656662303235
35396431633730366665383163333966333261323830646631636537363631623635333062353466
35643161643734383338653162343532313232396665623634666332333638333531303361303935
63363638383634633639383033613133373261313234326434613836333239323531636436366264
32393462333130333034653938313035336139303862383039343634343736386534393866353030
32366339383032383862346537613738666138393439326532633937373734346635366361663939
31666438633136316330326562626335666561323563396635313930366630643730613235336339
36613864336664656366306139633332303561633134356537656466326266663535623231343537
39366639353465313232333235336661393830613763623035363733303963326464656363326436
62313834353233646636643464633337666133323361383635306330383839383163666634313431
33303937613061376433353161313833303939643634363663306539353766346536363336316339
61366131333031386564376166623365353634386463366431646562623735313237343532623339
33363831626461343064333030623030323863353831306138333230306131383938646333313737
30363365623338303465323032386139313363663634393731373138373131386661643766386239
34363666653261316430356434396435666161353634376338383530616166616463346161353035
36313934616433656435633161363834626262623539613366373638396466323064343731626266
32343230646336303163653436653161376532653436333937636339383033353262366432656233
35383532643430326164623134333535386636303137383463366433343261366534313062383530
36316335343039306634623561333033343139316633323938323231636562303234363737396139
38313365393433373537633033376430363131393465383864373637663733313966666634616136
35306539336337313739383361633238396437356336616130353563643134353038666436313935
33386564633831366633643963363135666661373766666461643235376335646534653762656461
34376464663337373439643738363233306334323731386566653066303135353534356434636566
38303434636562353636643038393030363038353731626563303238306138636463633966323162
64613061383837343335323264633331303935626534303365366162643230393633313062613566
36663663613130323234343734376465383935633236353265303231396463363565663964363933
63303233636164646332663863633362666334343731306235356433626539393766393434396264
61373234303866343138356233316433333262663161313932616130633965333666643164326437
63303361613361636634633837653039323437333534396463663464623330383339653137363163
30643738333138373566393565643239396435343339613230636664346461643535386638333033
30653230363137323662306635333133386662636134633332366365616136356561383662653536
38323734613631363033326530656633343239653962363037623861373037623565376666623763
63393464643534363739666235303636316566323165363537353364633864396138643966663266
37396531323936613031643335383537333139303631313839643336393736383036643339653433
62653335336333363737363964326464313134663637653762313730326261623434636462336239
64353037313833356266626139386430333765346531343534366135346530393662656134323963
35316636663665653634666530376235633739636465633336613061353165616133323331626237
30623033353533316538336332643765313964616131386461613236653766383737636363316362
31333864386430363337393763653961353263383030666339303333376666626561386431336534
61393137353561626431333731353932363936396639613336323730343261346166643932393463
33623535353066313563633839316131376436396235346437646665303638613336306264306231
63303165633932323265336439326161366139616530316365643632336462393431383262336334
38653831623135666633356134376336663564643561343537323762303266643366303934373934
62333434666264323231373065363230393132316661326633376330396530626536396535353533
65353437656533623364623835363531646335613135353636663666336432336535623863653861
39313865653166356135383733306531306335393039663863636333373430613564326138383862
33383634383533373931306632356365393632346430373332373534313665623062323637373365
65633738313437303961663561666230656231376263326635383963616161663261613766633764
36363863663932346666333130386166363335353532333461663465333461303732386362356266
34386338396534663730656337613039623461623331303234353531643436643634383533386531
35643664396462646666313935376537323436633837333438633464643937343231613132313537
32323232323434313933626261366637663265666163326663363262356530326332333430656632
38343762613963373364356236363033393938333431346335643738313262356236303462303430
63366337313839646639396637663862366431663332353034366465386136326235376662393262
31653433313461356230613761633631333431326366326234386661396338383162356539383862
36613233623533616637333038343638653830353731633635313334373039333366323662393163
61383738396161623036656465656530323736356161336533613631373538633163623566613462
36356333333139373237313734353438613434666263363063633534366461346261393361306132
37366438373161636233653164356130376466326233333539393134326164623534366166306535
35363138343939663665623334626439346135633761366564333866323763653463616232333435
36353430616461356661653134353936643237623535386637396531613863623432373039333366
63396435366461666636343939386134396365656136613564373432636464643233613561616139
37613833346230386139356536333836326563333463336664383630343630623461373363653034
64343634323231396331363538373738663133303535303538666638303435623437326535333232
30336263306133373833373466643734646365346463373561626631396339346131393761656164
62636530363261656566393739343363323132613665393864313161656435616662363938333033
36373934356537306638343537626435646132653539383663336631316162313131343730313836
39666166356334393264356339396331383930626266343437653937653465656431353464353033
35376364663838316165643764616639323638373564343966366463313563343639393534653263
35623637303963636438646466623138636539613739323838333265306530336133363831316666
30666665653533306466333866633936363863643661663331333034656333616330303538646237
38306533653838303631653335643830346539363037323734623431623339663633393364396164
66333535643464623933323538383237323962636336303931633165373836366636616333373338
65366639343932333233656636323266636131306263653634616337356438666632616333393936
35643661373933323133653463353963366164663566326637626239666232336436666264373033
39306436623965656161643366633163653866316361653433656530316562343936306537366166
37353365663239323835366538323166373636626436636562346236333132363364383964646230
38633563663061333661323462333930386665303761656133663438643734363665616665656533
32616436313966333664313738626532323632326631643434646462323163323130363337303031
37313834363930633131373038333766316132366439326261383065643063656261616163353562
36323339643365616363373932346531623733663132616662643136663938636261663162306366
36383336366135343631346638666537333738356131303137626634323932656332343236336130
63336366643662373238383763666635316562653536303463346435313231656264346331363031
31613265323733343836326566663163386432323435376139363436393466313238353163636162
30363434653532656431383862663332643235646236336537613632353639363332383762323730
65626139313934626231323564363766376436616333313230363365346366323365363435313833
32366635393761633332623134363133313061356361336433653238643835396666303935306163
34343335653132343831353362336534636561356561623261313233323735366239346435643465
66343337383531653939343432643162643062373931663538623737656638393562333332663166
63626162643465623763343339346663373966643233643333323963326566306365363466623664
35633730643661393132636265643639353432383336326430336333663361653234376362333239
34323938306533646462643965666636663734376665363830356439323330656365333732393766
36363738626231323836633038313434306263623236643261343333356165656135383634666134
32306135613730646135653733393464323437336533356631333861633733336239643638376533
63386331326465303834643965303163616439656664653236646631643232333030656339323533
62633936363031623738306334336265616431306563383333353531383339393964616164336234
64633733633637636661303065336361313930316630363237653230303738613664373065363637
31313634363666306631313332336431653834626137623162643662646132653138623633623234
62316362313435623437313264636637316464323335346639386366333332313864653134363137
33633062613735373033326333366464646438346262636666343839353931313537613263656530
61396664616665326334643939373363616433353161333433326364656535383161343732613063
33646665393437356639653663316666616539616362663333393562386434663432366564376437
32363435383066306265393535633037653364653134623365353762623830383362363931633537
62313966373637643739313331306264666362656132366638633434623265396362623066326566
64313431366131383063316136303035613836336338333635326437653834376130353735393631
31396638356636343130636230623263386232313661363062303230343334633430646137303534
64383635376563383934313463333234373531373236373465353064626137346632323962373038
62666432373436613866346237393237303662376362346332663439383966613839336161306363
31353930303863656464366133626439313737323532636135373538383966366233666332646561
35366331376237656262663637626430636531363434363630313866363533366135306136623431
31653537346331356136396531306133326662623839336662643665333563373833393366653535
35626230663032313039613863346564643630363136353962663365396534303265633339623061
33613337613735343738306364343833386234383334663735393132316437393039373833643136
39616465653135666135336336393535343930613563623966316530643366626234613037636138
33366534396232613834306132336531393039663939623330666432373361356534643466303031
61623036306630333838343637366665333365376136326437646639613332373036666661336630
65393065393634343163326264356262623135343730303464666133373465626163316662666632
30336532636661363936333066333238363131326530306166393732333264636338316463316134
62383233323430303634393935383535363732303438343064393235356165643163336436643136
62616137316534376466356561376536333536653962353830323164633664366238643839383736
63643031376363313932663562386266366661653631653739393130373735666435643630613336
62353730313964653162303830313031623531626230386231343864366132393531663138376161
38356661326364613662373762316132333035396338313337366539333262663165653736666335
63346436633530313134643762376233646633323261663463396264396361663434326162643663
62333036313131393834366439346232636134343365323338323534653861346535313039353434
31633462393637656565366434643238333562373531626630666563383563663937616165353733
30643262356435323061386336653237343039346630343133656266616634346235313261346663
34376639353763623234346631346334643032666237663539373133613866336436656262346233
31393630306339303633326266396430333234646332626134353732386265323736386338343164
61393362623165616665323730653530373062613961643536636161386636656331353563646435
34333435643063376665303061396132356134353530663634626530303062313734346538626438
38373531623861393165656433383165356462343239643734653761643232336437376438636633
62313436373666356562653162663833383666623934356565336239653165626139306635383663
38613336383465376465386432666532306134323163363532323863633533343839633963613365
30636664313035353530333564316132613236663237633336306165373063643461663138663864
64353139626138373066396534663639373630303632633262613838303064656233336266633966
65383836326264353434346431313566396163383135333961323139396165366561323062373362
64636666666631616364666662373664326666613938336466616535373437626436613035373164
64343164373933653761633339363231376135643437336432383666653533343264646363313163
32653435366337313766643234363464333239343561633634386361646530393936336434613338
66353265623331373962626665393637653163373333666564643736623037396530383264316230
31616462663034663933313938386665306132336566616630323130333663383165386363643736
65386239376562336361613330323038663338353730373035626134663431663235633935323933
37313365656234306234313537623765643936313031663866666138623964393535363766336631
66643635323866383130613336646663386430623134336534316531383063353462363330386235
38353063346338373636363761646564303562313135636661653662303566313263623434363434
62306662356334656666653938623934336130636263356664393534386364663035616238313664
30363538323835623465346438313739383935383636373834336630333530613966356662363631
64623636623138616462333130376636313037396534613566616431343839613862313933666336
36653431393436346333343565393235313939643430303438386165656231316463626131393739
33386131333163356338613466313131353066343636323930336137653934333061363039613031
61333435333438616461336361643838653532396338633464643061653239633963336134623731
31623938653731366663363164346462616234656661333331613632313830386361306634666134
63633939613232353365373730333130653432626236663663626536326562303531623066636666
33616336666436633062393064346663653162323233616564313966376533306133353561323433
66366632663333313630363333616134656335636534333231636364323831336638323765306131
62323035653839663163623562623864313639366365643732326338623666383730316339623934
66343036343134616133363034383937363863376664616531313033393839663139343238393433
37356336353666626438653334636532653830626237306565356566366333633636643632346261
32316638333561363862353439356431303730346266393063323233643732356235336265613962
37346435386661373632636130313761376438663837343635656436323662343138303333346562
34616337306633333433306637616661363534393163363132623732326262306236653666373539
39363566393230633031663935626561353762356564326433623234636665393332396335333531
31616566313866313030356631386230633230633931393561613337623638363138613763623136
39663964383535333639656266356130613439396636643334383133633638393536313864383236
30313735663635313762336236333234613738616164393463646564643233326139663332313364
30326530626334383136313631666233333566306433616238356262383239303966303664643662
37626564653534363062333131376461383061363931643161373933636537613233643533343134
61366237653363396537633266613062303837623730623165616564663366633231383662653263
63323033376161653230653862666339353436343861373065303633663333663736626264653532
34373335626462336561336233393261623835353132386662653439396664393864656635616138
62323137356465393963393062613438376464363965326333373333323061343061636337313565
30376132663033386435636265386139303638616164623466646639616230623564393534363765
36613766363065333764643162386566633064373061643533323536363630653735383163323464
62613532306135306564366639316437626332346661356164396432343131393236316135383030
37626632353361393631633132363763333138393462326330383231653834613266366664343363
32363538663238323562616264386339306534363137656462333035336531356435326662383365
36666639303733313566623864646633646435383032303261643337643764373333383036643262
66396661653063393130363437376565326430396634336233666366353538306663336666353061
65323832646238343637343262643734383363353366323733656163356539366561326161336332
34323430353338393633363931333939363136323533626237313430636566616130396537663363
39646631363339643762336539386333343034373135653162623637303262663531343532336266
65663365636332623565323464613431623462386263643362333032343164313939313330613436
65613739326162316238306563393735376266313136663036643865633432366636633561383935
35323636346264613033383831626137613039363036363366653537373639363064323163363666
63373563356363373062373364333565653537663032376433333234366537306339326364383964
64616466303230343565376536333565323964363431623931316535316666646665633263343565
34623566666163343333306631613937303563333662653265336261313932633335653637343333
38326134386130646565353635356636316165353036323838303365376162373239373932313361
30306163366662396339383939336436376336386637646530353931353130303964393466313534
66653265303438336562626363393063323538316263366463316438646165353334623562343932
34323239363963366431313236313739616236363362323433623164623937383638623461646431
32303062383135333861633866343462323963366338376564376330363930643930393165363834
62613939613531393631633765363833653938376266363532363838393066643138313333373962
61373565396563383565323466333363303565343438336364663663656534656334633239626632
30313038346337646364333739323733343164373036656264356637363666313834363139656165
63623364646362643563663234653365636535343464613035356265616164393961633565333166
66613539373936383264633665333530393639656137636433623934373434386262623964346164
39373132653664373830656561316135643064656535623630353033363965613937626132323063
62653637386438336131306338383761653565326466376464323933346530353331376665353638
38313230663366326665656538376237373930313338366230396561323534393565313036623665
64306165393465383930663663653534373436666265643732313361313664343862613138306436
63633130323138663465356538323563613536346331663062313064316464633335653863626264
36636239666633613231653635323338616636626230393232343939623035623263623739643236
30633462363636626236643636653934316639373832623533616531323863646565656137306337
30353933363938663032666434623166313766363963633237663465646239313630636362626437
66316335333564303436346130613063373261663862306333306633333432366461636235353266
39623465646535343365303463376533373965626664303239303533313938663430303361633732
31376561323936653963343364653563353936333534663961323539346130366131336431373162
34356665396237386130353132343035336634343062356137666661313638383839353430323531
34343730616137646436396536343739613032346639626132383064356131616564363961643835
33623165363035663439353836363832346636646634313933313065353563333632363231386530
34623930336239326434386365633037373138663439306633373462626262633035363232343234
32353832663131333932346661376338366137623134393332643561386438393234303466636563
64623265376631326163623064656339346465393938396335363062636435383538653537376338
61396239656439613037616464626233656265623130626339613366336632333731353765373131
37316465616330633837626365386237303564356132363738353666656639356533656533323139
63643264336539646232643533333234633835633839636635396264616632303330383032373637
31636139616135376231633166373663336461393139663538643634353635626362383864643166
34323963333738633864383835363833633038373733376537333138376364626333626464356264
62373236376232323036666462343166303938303735356133616261396334643862636165643462
38363266616264306538363633646533653763616537653264303132653432623338386533346663
62316135626465346665653334656333646662623063643033646566653135636631316335633565
63386264646465623766393065366230356539303232353662376337333765363734323066636561
61616637363730643036616461353234356134353362386665623462653637356431633964306561
35316538303539373638393736303033623934336439626363353165613439613334383761343163
30386361313435303362386263386161643662653262356561313136303532346431633339363138
38623534303262303863633431386430326536666631313966653536363166343631373836393835
62376365383962306430633836333337396330646232373331613733333732333138376637623063
31636538653063623537343765633832656631666233653935336338633438613834623137366630
63646434336266653739613434616565336236356339663761313233323535333538333030626132
63613064613930663233313436323832313035353761666531353834666338303063303332646238
38663362333264643262303261646231643862653937316263643632313631363238613962323237
63343638303339383063323339383136663933383465373433653961666165343037373034643434
63393631373763366530313238623332636161646633396135303162393337613364303663343563
38383138656565313263376438323362643834666561373164643334323239333264623264366466
38316163333134353364313135303963376631393939363633343737383335396134393131316337
65373637306435643735316666363566333264376465333561323430336231326564353835383966
38356365343535346232326161643162353934333030396231373330663761336462656635653862
32663637326634613339633265666534653765626436313935303564336531633264623633663833
39373230626637376336643562616336666531383635396165333836386564386439396539623762
63363165323736363132653162643235663333353039363532653933353636663531636365393666
38666464663331653634613931656561343932376237333065323930363233666165646465386532
65616564383666653464656463306339623731666135383735323130616232616536346263656234
65333465653461353732363961663632383434333633386230613134383531353061386135653932
39333864376562353762353636366333313861333137396164613037633837313232663936636638
63343266643731383866393465353063303733306562356131656633396665383135356632613136
35666235366164613066303364643639383438343434316536653762626466323365623230323338
62653936313362393533363062643562643264643866363336313365613664623039356334333134
33663937356436666630353931303763326661663738323337653066636333633133626133356134
36323735326664373737306431346230333865643761306634343133383661373136663631393765
31366637663436303733376635393563623333643539356331653063613437303335383863633430
65353263653031653164356165323532333434633964313739353039613230643862353532626434
35333933343330633361653635393666623664616139303330303064363131616134666532303635
37656162303937383535313633353763643936396665373962333135386265376532646438326138
65373538393633333263393666653264653038383364616639343138306135663738353833313932
63643462613938383833316236333930323766653336326139333139613334346435653664306537
66623433363636316430646564393863613435386137386539346339666237646261626562363762
63633263333535323563363564366332636537623330613839373761623635613237346431636266
36363635663764306131346333623235623032346139643266346636366666623132353065666261
31363965303363626534663839346261326231396633353465316466306562316130343233653961
65636561303130383834643564343931313066326231376166383739363164343637636435366634
32636263366261626437333530646666663864353065333163646464346134653432366334643334
38663335663766383536643963333134316336313735663835303039636631396364633437323566
31633937643966356432353239653030396466646232316135326538356138623237633166373666
38623761313065303532613838623938653433393636383639313631386331623763323433316565
65666530373266653666653161663165356262613261333862323562376261643832326232323936
61643234653365316439353565326332643235383836343662663938393565383635386261333132
31376636363238383931356431666563303963656135396136656337636263633338636539353034
61373364303231383135636636653434323166663062306266363434366636336635326638393335
63353039383662313565353566366135373432613231353736663464636633386132373938303261
35396435323666623839366564386334373161663663326330346435623165633633363333653739
34373637646536373162326330393661393065333235643238623231343662666639383439353831
37326235373336356631613139326635386665393564643132656361613464616266643064623131
33656435663931396164356632303131346133373031326535653166633938623839323839653964
66323863343262386465646530383230313861363836656539656239303032353037613366393162
62303736333432656231636562616231326164323064626366386139366633383465333938666332
31303734623833653064613036306237333635363931623636313037643663386166313431346566
66653032316564343634643461663964356366613966663563353530663866653366333134383065
33613663346461646161643233356233656231376238343930663065656162346361363066343036
32633938303262343438336238666364663931663332623863326334393066383766323831373035
63313234373937333063303964626165376337326333396162336538653634623836613236373338
65336463653230633133613637346536303435336235343266336331616163343233396436666534
35396535663765613362626462343566656133306165626532643565363330663936623737333537
62323361643035656666383039646564636232393037353265626663323439353862373539656364
33333138616435656463386166343437316438653437623162343036636266656632626438626264
38316434333135643137653039303335613633383965383734343139653963383836366338363465
33346134313234326431303262303066653935613762343962396566383862316435616637653761
35653038613036626636363165326539626431303036336564353432376336653335363361666233
32333730303330333731316637326265646631333833363633653038363265643164623965656536
64653365663563316631386434326563383366633932383063303637653037336433313537333239
61656462313334323731613633316432663564653562326663353234653065646665396463303463
30386530353662623662333961356463323463393037376261326531613730666261633565313431
38343839353335386665343162393631343962646130383964306564386433326337303065626364
61633935613837613263303638333531353730643233666334333735393362366261646339666135
63396465323733616664386435366362336239396462623638313964386337663732666264343631
30653663343435323462356663326239366435623265363238616131663232356662373465333938
62373230623663366438623339303064623336393761353039316464663331393736396230373230
37613166363336376538633438616637333039393237633564353765653838333534363566353438
65613266343830316536623962333637323930666337623961613339363836373732323866343837
31303931636131616234353762626238616432316636656137336663376533373137383665653462
37613230616433393965646563346137356232323163663961653531633230363461323430356334
36316635313531363566313232646239663239353161306638613564353166346539646235346562
61376239353563623137333736343131373438323831383336373231333733356465313632346133
63656662643464383061383639623237366263323635353164333135323366343234663132353430
61356364303232343161366163666238653962333034396132316666313832323634656563336631
33633138376239303163383665346366326639373433353132353038313464616330363464663362
63343735643538303232613638323537633632363765663230376131336335313230613265346631
39333334343134316164326633313334383231633632636236393236616138373565663331653565
66336263663336663332373430616237663931343062376436383162666164613138626461343938
37636231343866666232306236343838646361366566356166346533666436366663323133663236
34636266383936653033616239353662666461306436323064353361363766613136373632333532
34343264303338663935303630626564346437623164363362373937363062376565383166616134
65316430356333356666353166616461393332336663626630656434363937333164663564616431
37343330646631613466636639663765356666303933376266633437303064656366396265646435
37393639616161636164383632613436653839643662663163393162343336626431333164316334
38653835343366343266316534393134663338666538343463396462323433383531663837633238
62656363356532366664383733646363663530356461353038653965633261303661326363383730
61323865373732633261623934653133386631343564306233356135363535323134623137323162
30333262633838346566663732626661626631313934613834376435663730323832663130623535
35333861356337373265326232666437363930646130626131373738316536663237383933633563
39323434613638353337306662393262613633363633333762323361303737373064313335353139
35613436333333636135333966373432343634663666653238333433373335316130316461623333
33383632326337363131663233623263613264343535343430333334333364313762393238383037
31663938356565636130643264306433363439393934346661333631356639353561306562366163
62636365306430623034383937373237383666353938393036626435323937666164623432383661
62343865363637333365633834313534306561656235636362393865316634396430393164646363
62646261303934343530626332656266313930666364646566353730626264323864396238336234
34613232363632356633386561353766383633663037366133353039653234643037313838323363
30366439643965343631663839623661333031303762623332376431383463373061386565353837
34363263376664363131306434363534393137356538663533313735663730613039323938393962
34663431326631343333653564643832643739323939383139653032623662383236326338383664
32383861643237343566326664633836663832666634633862356466656236353535646561323833
36623962383664366430366533343234353233666465623664323330366234613730306635653238
39353037323966376666343236353633346635656436313333316361313538356465323464643564
34623363333765343765363139383132323635653464636362313465353339343330316536626535
39343230653264343237656566333038373133346134626531646564386631336238666132306634
38393535333263663663356465303639393561653431646331373230663533636264356664353435
30396666393266663931373436643063343863356231383466356435303064373166336431366630
39323433303439343436303032323731333237616564653261376361343938303261373266346562
66636438313139656639653663336461376164333536356635633130323131306438636461613738
37626466373837323462393830613339333832616462363865646561363633346534623239626266
33376665653331346463313963623965666637636532343763623361373765323539653161303064
35356638366635306433656133623630303164616533363864393830643430373065373562663838
38303165373563613665383239623965323161333838396331373031643763383937333861326537
64383139643731336562343632303263343332623534333564633634366265303238653431393665
66303562303631326134386636336361393938663766316466363762316161363733663362636531
66333538643534626639316630386563633965363463323635616133613930336561333064656434
62626639393534653965613763306266313863383432373365653336626239376461316530643832
64656365666661303230343236643932383462313636373665306437353265653564663565313864
33386661663733383362336236346432366339353464326231633064666139336134366664383538
31623265346564343936306262653362383064646565353934373539656432356135366331373235
37626533646430656564333663613739323962326639613734363565303639353961636231323537
38373766363762653331363063633736323839346266353639336430646261303234366163353863
30306132323964613834633931386663383565366335333966303135396565343134316638306661
39336135663936626536316563653661333439316562636435363037663833373337623531383839
30323761323338656633393334303336326562646666383031373139393736303862323663623633
33386234626464633430613333663661663564393637653833313439383834363834396337666364
39653538363637613636616238383262306332326262366539326331626632303565623539336630
63303363366263356163336136383439663839646165376139656233643837656562316663663732
39643631663162633331393033313232663163623632323230363366353566316434356433323035
30356364633131623432366438646239636264376531376333646366316239303134386231313863
61333761663030656464383236373437663533376232663736616261663364373333653162386235
33373637386435363263303063316539653161653938376432363632613035353863323638366236
33356631633132323666343430653931393930366338656234633938353638313631653338396663
62393038376233333837393964396666653837396236623166353231633763636365353765353034
33333832656164616564323863643930636432363839383265616430373637663030663138663332
39353630653864663037656332363836656133366536323035346637376233373866636134313763
65636433373833336232313763633930383435383664373433386639353763393665353233626566
38326231333239623039313530343339303966613065333061626364336361633932303533633837
61323261313332303139633439346261376563626133623437613566663434653763353538366364
36663463633331636663653638613136636131303066303166633863613163386230653832653036
62313139633134376266623666303532613861346637626237656133376431353433303238323737
30323833393230643131393661323535363363626639313431626630323961356330643038353634
35646430643963306463313964306362376665663637373233303066366163353031346661643263
61373838613433303262666565333536386231666336343864323835613334663264313930356462
31353935343866613234386531636161363966623464363663363134383639373832333462346136
39636535373834633961666534326331316662346535663532386363373639636663303364383936
65646362616332316461373763366330376638666338633565303262373632633235376137623135
30616264346638636636313436323538353139383065616335343265646662646434386532303037
66656332646137626536336432363166646137333263353764383032363263306333346231636531
33613539616635613162373362363436653162616335346564633366396432623562373739626365
64316636323539333832653534343337636535396636333465616333383237613736396339373461
66353465363736326631633862383762396436376164373137323833303263336331363136656565
36363532326262393935636134313637323333336331313362663030393330663135366534363232
39386464313761643232616262373732306365336331646364393636336430643232306536653334
65316462363436383231623963303532366337306265393237326332613662626266643938633035
63306631353263633435353132343466376637363536343164633433333933656139643636656166
32346666643233313465666163346165343933633239303832343765396563333237376135626466
39656534333865306662343933333736646465613735353263383131386231663630396363303666
31333533346237336666316164386161396562356539336138316366303936613865653565626566
66383265353531653231323435393033653762613232316136613331663931613735666439373733
64623939326539653063393135336130323366613536373037396137343366323037383732653432
39663531366532616436336132333562633535303263353437313263343635633635633637326365
38646564316537373534383939636363366234353930303533336264653763353737383464363933
38636563633465396163313731646437316336356364393034623430313337656165646332383234
34336562343630653462386532613166393966386266396162353932313831356535373664323435
65386164643366343138653162643266363134616162333161343164353138343465306234306162
39363632313865616237346136663065646164386362386265333465356336333434666231663731
34653037303563353263643934303136653638346664646538663139393331363863346336636563
65636238326464353435353630366234643531323531306266646162616437623464306662383666
31326566393537626539386261656232323636333963316131353134373864313537613236306163
66376238613865616237363964376662323931323439336131343432313131313264353731333230
66616431343262343830396462333464353761323463316132373239623434363366666335316130
34333934666237336233353130356537323266356161666134643032326239666631656237356266
39313937306632613937393261663337663738333265396664326561636534663564343137646232
62376266316334636561633534323563353666383064666431373066613662653332316633366538
35633034623135613231636561666532393731353762653963383837333664323862613966613266
66666163613038613365333836616637636131613165323361643563616564363566323039346461
32373365613835393439313964623861393037316437623463323130386437333761393132376435
36613665633834636232303231663933306165353565663132623131306532393231623161346331
61333133306434383763633466363039393338623439643764623635323864363836303636323564
62343863336335383437633737353935663139356265396562616333353135303362323964346366
37303133386461343036373639653433373162363861366639353261353033383832613162396631
63633935343264346137306332383834653661636462623564623464343732366362346530303432
66333334336136623338393166623762366339303331396231356333303237363564663431373037
32386335323237333130636231663335333433633862666365303038633362373962346132346338
64656162616362383330623538303738393261363032323134653239663465303532633837346161
38386461333835393636633433356464386361663436616665386636343339663431393965383632
61643365643232356566653462306465333830636231323035386632623066393237626231333038
34666231353063653839306265376538666165636336303934623162353362303135613839346438
34643164376330373061373634373563323266396238373163623132396334343935353363316165
63363430663366663264333236646137626639636130366530353664613532313135616262353231
34636661646162353533623234373539373835393039653630323530303064333836626632633430
64326563663963313239333636646536373832303436306566626236626363613431643461376239
30646562623730666335323439613765386134356339633330373939653966316266393433313839
66346639623831373861623932383036663330313035353632376661376631643261303764616331
32316631626235623639316239303363313730653739363233316364643464353031666138383536
32623436346362663937323562393239653761336537643031626565623336633737666165363965
38633466396631643864336564623961343134356337353065336236393132326362653763303737
30363864643264373039616539656637613530303436646331666264373333303562613930313163
36353035353565646161303633613265623562633336613866653364616232393532313530326235
61353037323630646362353661376630343138373662346639303866356535336463353361313638
65663833303162386233356561313431363032653132393665653130633164633966313830626536
32393435663937626565656565663636313132326437343363613361393061316162313933323335
63353330303635363365653862323634396464613839616133613562396134666130383738393630
37613839623439303437313732633035386361336438303937663235653132303832326235393061
62626530636461616136666235623836613036383638376139373066346536373438346165363434
37333366653337646339336362363062623262356161623934363861363565616562626661613865
65356436333665363263366665316533366136313638626136636235623532643163363666376630
37343966333265643366306532623533313932346262376236396333356132643664373761333565
64373035656164383062653636616239663664363363343837643161346530333463356565313433
30666163323137373364653664306662363635346165303935323932393836656232653431336635
33633432306365353235353932316465323766626262616163393461336331323131306561666434
30363362653861613563396365623830353664633236363431326261323634356336653666623432
38656430363336326166336364653838346465623461653330346632626637316264353937333134
66386630316137323462663135626338373833666266326333376234646262653362396136353731
61306331373937613735333865386437656230343662316238393565323165623038313631636462
34616164373366316331303463646635346236303734346236363636393230653461396362336362
31396133653630336662393138653563643835393965633936366461363336613164666566643665
36636262343732373961613765363234666137646538663165323032623637663734306364306431
36613565613666653732656236333738663438653036653030373335636434363566323130616330
64376332353330636261363635366263313166363962326630633365333131646338306438303139
37323736366430316538373432306164376139353164373264613539393862376131323362616562
35306266313034633435613830313264643931326562663439343163626566653362633834663034
37333032323130396332316366316539653562666235663631363938356337366461636333643466
32303764613037306439336135626536663061663134306438626564383063656633323765336266
62643064393366363531373365393366646538633166656632636337316365326261613262346562
65613132386634663635383562663766663035656164386131636337396131656163393466386335
32636266393964313165643432653834346634333461613063376665346533356234373032383365
38643035383066613639363438666265386531383765356335363835393330646132653938373663
61656430643963313434613536633135663331383666316633336664396432333465373630663136
32633065636636396531303531636431343334356634633539363838326136313434323933393736
65623737666563363638386231363034313361613461613261633962623835373831336139613530
35646464653230626431306339353637623339313037666136363961613039343435623466653762
31303366393963663233383430343365363363643637666236343634623866613133633739346130
64333130323466363734623965313164396364383166393532323435346365376565303331316237
35623039326335613437623837333665353135333439643437353733313165633436623230666365
38376232363336653137303161346132633064646262336536396632343664383233343561393634
30383261386664326238306566323230633738663264663163356632373464343861653464633365
39623064313531386663633234396133393238316162643862636430646530626335386533643666
64663337376438653132396265663930373862376566346532353635373662643663656463383361
38616261623039336461333831613864313262306332383532663065613065663835623463386638
37656632343330333037343166383533626338656238313333623234343563633536663832333565
38633133663766383936333134616461336265663666333763363930636333663362303030393264
66356235316665363638643432623638386661613965373734656563336638373638383563663662
30633965346334343764343361666233663561353864316539366134643930653531396133316330
31373332396331623332346233653163666261343337356666366262633566646262393363343937
34303034323865626664666635636436396632303335346139323761393231666233336636663739
63663238346266343930646336343130366266613735393965653135326563633039373064623339
38326339613732323139343338653762626366393030643031383565623432646234616639383064
37653361356465306561663765333966633030346633656539316163613030373936336439653134
64373464346435656565636633393930323763343833663464636166326363623035663537393764
31393763396130393865623039373135663166323136366434313463613565666633373364303864
61393366646638656335393563663334393833383530646338343136366330346132623835386131
33366138383230323363313263336632616261306232393863303336303833326661356339613938
64326333333939343762326265373832353433356266396234646437326465343033643164386432
35306266343261643563623634373563653966653863646331663234623637313861386435303462
64366637346432353434333235656332343632666238323032623033363635643066333730343962
62366463643361313030666434333934383639633739353965613031333865353063323063643139
34616335356263356637346131336530313466343032353466343930636234396663353930653530
35333237353034626261306561323939346661643336333330663366323438636532343436616563
38373432303462613037323338313265613063626461323765656537666363393063383030663833
34393938383934333563333035653561643665626332353962616332666134656336613834333436
65326665333562373937353363663163336539353037303634396666346438636363393566313833
62633734623731646562633634653961323263376530326632633339386431636364326263343132
32393534613338636438336666666263613737623962383037363865366635313333343164643262
38366138366236323565386539316433643435613535326530613330656236613862373961303163
37323061323264343461323132303031633132373032383136616230333465353964393737346530
36306337613963653731653534383931323363393965313932666166336566366463313232326364
63646639633033393136356337356539616236643461363763666161633364623162623433343964
33626138393938363733303433663432613339626439386331643365616638363264353561326564
65666130643931363464363364656163633430633264393537366635633036353136396339656466
61626666326630343739356138313262306637306132363932333961373065346230613535373838
33326230656365653866393331393334663431366639656236316561333864636166663335393437
64666532393735343438636465346463323436643264323835373764343436303736663730316434
39663865346336356465306532633538313032623265306133633038646662653162396166333966
36343938316563663365363431626161366239633263613732323934323433306231613262343534
31316433356665366265316634386661356663313938303865343164626535643061663031626464
32313061653335383865613039383530393763363333386531313537663633323532353136373639
38653762643238613736363330303237363364313066643035616235333230306335383930333061
36333861316630323566383162613136626436373036336163313762633235333463393038306134
65313966353839613130383831653562356565386161613566306665633836323834623566616562
64333566646634333833633831353263626565333031646331393632323036343636343764373537
34666666303939656132633735386661303932326539306639323934326530383135656536323434
32353833353130646262326664306432336637396337663565323534323261386666333163356333
31666432616230643737633764363236393038316131646566386239616163396565633232633764
62306166353163333334363933373765643165623062356233313732363438343636623865666231
35393233336263636665333537356265333731383964306238373238343832386365353461323465
63356634326235623833396662396537666338393662626438313762623631613533663063396236
65623261323335353861313239366638343130303937313730343966383563323966633433653433
31653363383139383638313136626566333064323336346635363538343036613231666535316262
36656633636130626430363966363865373231323865613837646131613733376335643062343961
37366466343035306138613761623630313338616363663235346537363036346665623466663730
34333364356362363531636531393839396534376535653362373837333934623833623866636563
34313734653464366236313765633662346538333366643132646231663538636234643332643437
37663236656131623364333839613036313866633264303836346330393664656663633536646233
61643737613932616332323032623533636232366134376430336531376563373035323037333738
32353863653935656164623930386637656564623233633439373132393566623136613662663435
37626332366466376562633135383166336161646366376638666364666666393430396137323934
31346137633862353631633264356366393233623761386534303437343365336538643565363661
31343735353461363737323365323061613033616462393839346333663664636536636261626462
64633430633433633561313134303336373166613363333638373636323434623432333761343932
32646561393765386361356535633135616539396233633239336635373630303765666161363163
34353637373162346635393134633635656232313566333734633832333961383531343863663063
63623839653031343336643866636564623265356662376131313266303564353334323764306534
32363462366464613461656334643536373737613436326263643863363639663664616438383632
64373566623933303163386130386132663862306466653139643865356634336163633733363435
33623136636636626431356633326165626535326634633337316439383161303662313734333439
33613636656563633839356566376331316139633439643461373731646164366237663131376431
35656337626264363238663466353734663931313935656333666339323364656532326465663766
66653639366665313130363465663837306363346566366130363934313235393263316433393063
62386532356161653836386238623062653439366537653939336431643764346431323763643838
63366636663363376566643364333736333230383736383439366262666438626634353638663466
37626431656631643138653232636565306339656436653937363964313937643738616561383132
62356132636636323866396231313562393565343737383132393138636164393135326332373835
61386265326166663062356132386535643130386237613535353864363030623836386132653565
32623636383163396365376562313737633264613736653834386136383033303235646662643565
65313837333130353430623462313265343634383130663566383236643334353866633135626137
30653062663432643931643961373333653365383031383162323863336238363861616563363234
33363865663363643931373466346565383334303632383362333862393732633638636562313863
33653036336637653639373562366364666438303063386131663032663162353439306330613430
34393263393238383335333038373835346162386265666563646437653066323838633864393439
39653539366633656165383465323634363163643237663561363238656265613965616335633964
34363036323664656162623735306237393764316230393637333931653237656362616534346433
33343333343739326138363732373838633330323262646632343039343034303363326139396436
36366638313134306564646237646130653032623930666562613966316266376430653931666439
37666234363136396635343462653339376363616533636131646233376164333039666133363931
64646538383263353536636130346562633336313230613761393163383836323166373365633963
66333239623965623838393337313733303933633335376433663335333261323634363037313936
38393637643564306632313834303839336363363063366430396439306538323365303639356134
31653839333432353162363934333635306463323062333037356231613665623134373432616335
30646435636235626335633735393466653830363732363038383663636665313730373636343566
34653030616530333862623864646134366135626538363932633531396431356261373963333530
32306637323830373765633636363730613532666131373134303765356166333265316466343763
31333133343863386633386238336639643436303562666161306563623061373135316638383936
63663062303036336463313938663330623231323836646632613931613364633131336665333731
65303138363133353532396432616139343562353237366439376465353161316563363963353934
62633034336164363437646430663737356131303563306530373664336231623663646136303666
64356438643739633635623762383162333661396633326361623365343634323662376666623736
63633930613637343930666333646466366531386230376537373663383962636530623339306232
64346332656332633936613461643530393233376438663931643236663733643961393434356563
65623665356534376537613531366234613637313931633962363565373864373837313032313265
36323530323361653431333237636263383261623232333034353639356466323262393661396364
65336662643139616133663439393665623439633362373538383830373130393339613930376137
66633436633034633434353566393765353166396663366161323764346335313665623430333835
34376364393536323263373936633231333066666431613765346465646163636332633735366331
66626231633963306134623463383166663630376431343834643563323532383930316332623861
39633466633632323132643361323761373438633532666463663734343036663836326662626534
30393331396563623433633034636665643164633832386131343633313465643261316434356235
35386237613631393631636361303534653235313564306231343232383064363833626531653838
34393361336133613530633139336333386234646465343736343533353539623631626634633465
64333662323463343462633732326263316366363165663238386132316439333866356438393966
32626238656265316261636639383733343734636533393062333362313035323331653031656637
39643066313636333637323338663938663233393138363236313265303231326264376239663332
61353062323437376661313466306136376164353166353036363361616633373936653465366562
64643434633564633961613461346135353162303336353433653239346530343934653938613661
36363833323864313865333235633563386639333339383931366437343831653535613238366535
66323135393636623035303761663135636162623935353331363336666231303036633433323437
31383161376530643636376263616230393534386131633166613330326339356562623265643638
32613734313130613634363165646335616333306231316239643462383334633033336434303932
37326363303030653738353037613634396134663866393432623631613362613932623736356335
35333239653362623438323333353463396265306637353733323563666362636462343035323234
39323730656431643461383839396539323938323864383537303261626334383666353465633363
61343230633334663533396631616637636536383531653037666563343039643665663633373562
66386535656264363934613265666635393861666462323235396439333037346137366362636262
65353436633961333939643230663064613664353965316233306431356339353635393663336462
38356330316330366535653865373637346636343630643565643535326432613461306165383934
38643762356363333539313762626232646232313232373839363736353330646532616134643264
33373263393532353961343338623530316233333837346263333036326132646238623163393061
32396534323363613338613730373861333736313861326163666663366462393830653735303830
61316238353634336230313339633637396563363330333466313166363362356232656436636462
35346461386130353065343137333134656134313965663933656162666430653731613030663638
38373864636239323233396335646333336531653663363062353937353161323436326365376162
63643332366531643336393362313830303561303834313637363539353864653039613866613830
33326538313534313932333762303861663765643631336136336232396238383733386161636662
64346166656333396139623366313036383465383636663038306134643537366362313832323264
30353638303062666231663331653134333465376434303135363538353833353532623536636364
33313662393034653663366531313434383563656565386337373132353966323532656236393166
38336235326433663663393463643738613435313135323431613336333833656436343635626632
32613432666566303331336139336464396661303032326462653830343966623032313330353631
38336166653238386165343039343561633365666337356564613936366264663666303966656262
38323263323566623138333731663862666533373264323636323237396231633563653563313464
30616163323134306130343234646534373066303834663466353862353133653138373338306661
34336431363866393836666462663766336330366162643137643830343236336335623161376266
36346166313438653763316430363036613362376134383564353835306333353530326338316361
38313535316533366239303937376666623331343230346264336236313639626266373965633734
62306636616531386464306539616666373833653131306532343766323739633862353163306132
62646536363465323065663634616634306166303437333364663130346365626331653866383066
36373562353537326238613064623931623830303934633037653262633463663961383761343630
35303565613765653865333935666664643834386539386665633331363235386565323537386436
36363231616666396262653762653266633161313363373534303135363364616433303731643462
34386232623665666366653330633864343132653365393931326235366234333563396435356334
34643134306566663839323332633134663039306430626434643261323966633562393935353265
64653838396237636461623439396562616237623566613336613038343165636162666662396630
37656364396235336462633835633038656165346233363839626235306266333330656135396165
61313730356565326532623665383433643233303730353930663932333535313838646431666637
31383663623238646162366431626662313331306634363362316461386239633638303364356232
38366564333066346531323931323938343531643331373264633762623730656130316138616131
64393138383032303563363936663737666137306236376136643465363861336164363734356661
33313233313439613933313661373233383039356663646432653231333064396462353139666263
66653530663037386365623030306237353764646133393837303930666536333231643331333734
35383235616265336565663339303639343762313237393361363965623535333035316165303538
39326632393638393763343365643361333933303064623431346230363835663732386630326439
34386463336264636462393736623433623933366466313333646534616332356431343437313864
64393235383036663436646333343835653133343031336461363932303038653966373430616632
62356566396132643538353737386239626238396237373265333666643037303265643938666163
64303638643462663366373034646333613634343664343464396435643663666230643264653036
62663763656437386331666530303064363366646139343761623732636638383336333238623264
66613834333433333162396433353239363738363564346438666363303461373464373761396636
66613061656665313631306365353466316333626130343039656366366661313561333133373466
36663661376364663166666637383163376161376333336535313039343338376634383563333264
38663333643538626132393935363337303438663562316532393430663566356534353835306432
64353661313561396533643737383461646331333262303232336161386533346233313939366136
64333461656139313138633437376565633566623464666364343139646535333566663266316638
66643138393565363130626138346233636261363165333865353631383932306563383130303664
36396431346434346663643833316539616339333063623336636239333334633064336434316263
39656263626131633634396435623133626666363665356138313530323934616339633164666634
32303361393130313765346436383930643730333032396365623236333866633731663938386261
64666334663861313364363037306164393634383637396637646236656161363665393635363237
33643730636535656230653065366638323730643736326636656262633737376635636235323366
62316462343932363364303534663761663232323562356433356437303530336164383634366562
65363561663333653031353566356231633666346464343336363536323631666261373430343466
64376235643566666463396362623861646232623361393066383364343434393862313534343330
66353639643230326634363237616461333837343334396638376434383364353834363435643937
346136613361383465316263653630343634
