$ANSIBLE_VAULT;1.1;AES256
61663337343536623466303731646538616565373065396465613665636632613235663137356162
3830373633373466663433386431346162353235353938310a363835656632313938613331616663
65396663613630306233623061333365306265623032643364643162353835633239303361316462
6364623032626664610a663265303862363735633633336332383939666462303036393831366330
61363932326536633766626165643230663261313566353432656132313634613766383431333432
66653664663163643362386535386537333132646435303464663138343638323364303261353733
37306363613535343966396162336338613461633536373263343036326335356565633763343734
33383966646434373538393963653438393166653535633236616263343431333232613963376434
37353135356436396361323530333432393764303435333838386133646630666436633737303564
64646139616535343534646130383865306439313235646463393734373661336239636637616161
30353438633962646664343934646561616264633533346136396266666138653537353130656436
65663265656434646536343532613235623438396462616262616431346234323439323234356662
30666439346131316239306231326637653861316534616364643934303037393063386635346532
33393736636133373739333136646335346563366466336463356631306233323736306162396631
39626363336566336161393662306431626134613135313361636561646661623232656236613035
66653034306630373231656636643136656561613238383437303931333737373762396533636439
64643566643935306234383931633036646662643165323962633836666564323664363634323161
66653264646161336331356330333837643466366537336533663637666330363430633932313139
63336336303130666431373562373033343338326133653466373562383565663663653361636561
34393464386334636433626266336137373937353863616561636438663166633366386539396230
61653831373761623936346331393232326235633134316564323061383466393930326639376430
38626134353361646230336264343337323233663961383938386232383438356631333266623961
39396466373832323366666436623235336562303936636438643738376333633533386164313466
39333364633662383363623866653835303732316137393837343861623263366336636265326663
3261
