$ANSIBLE_VAULT;1.1;AES256
34393466313966323438313834323938623639313861373439653765386334316364633433623066
6466623966313763333337306433653835666236393664630a393032343862613739343030386665
38626364623135303965386539333931393635366132336331356236383930376536653561393766
3164633461633439380a373637393565386537643164333563323061633835366164633335653636
30653563373833343761313634353434653061386661633230336338363338386466363464303032
38666437356537363233383864313762303861393165343265613931303463393038366563616339
63326136663334306637343865333532353439656139623932356232313765363232313532393263
36663034396431616534333733623639386166396531303331383163376661363061373939363032
35623737323434346337376665646664393131613831346563633736643134643332313063396330
34336239616135346631333031623166663866613636366637373766373662383730336265626331
30346366396230383463346334356361343163363565316335646438663834343665346633363538
61363633636137393266373636626361356337373130623839336332343130613462323464643163
30316363346134393039613639333164663336616266636130313263616665633166363634316131
37383230333863313937663037353062663036366635613436326561393533316163656536646234
66643861633932643132633537303063303835303362393162393034343739383039653939326466
31366530623633646564656532363832386432323964633461303164363938376236623537313334
32326661306638336165643032366335393132656265303966313465386565343266396564653463
36333736623337306130333739346663316665636537636131616237366566303532323264663264
62313531366131383635666434663162313266323230323565333362326330666535653666343662
33613135303963393436343137343965643431323364396136383466626162303261323436613862
34613439356464333734623362316362633566623065346461323266306531353332653466623834
3539633836316564383736366263336362363137646665623063
